[11016.982970] [Project1] 4782 1588150785.000076113 1588150786.000630665
[11019.307085] [Project1] 4783 1588150787.000419924 1588150788.000954777
[11021.603407] [Project1] 4784 1588150789.000735046 1588150791.000251108
[11023.940616] [Project1] 4785 1588150792.000063650 1588150793.000588308
[11026.234938] [Project1] 4786 1588150794.000377825 1588150795.000882634
[11028.499797] [Project1] 4787 1588150796.000684434 1588150798.000147490
[11030.810066] [Project1] 4788 1588150798.000965407 1588150800.000457766
[11033.075482] [Project1] 4789 1588150801.000259807 1588150802.000723176
[11035.371035] [Project1] 4790 1588150803.000559648 1588150805.000018730
[11037.639941] [Project1] 4791 1588150805.000825587 1588150807.000279679
